function cmap = colorMapGFs()
%COLORMAPGFS retunrs the GFs colormap

cmap= [ 15   92 221;
        76  198  21;
        253 190  61;
        215  67   7;
        0     0   0;
        127 127 127]./255;

end

